[net]
batch=64
subdivisions=8
width=104
height=104
channels=3
momentum=0.9
decay=0.0005
angle=0
saturation = 1.5
exposure = 1.5
hue=.1

learning_rate=0.01
max_batches = 40200
policy=steps
steps=-1,100,20000,30000
scales=.1,10,.1,.1

[convolutional]
batch_normalize=1
filters=16
size=3
stride=1
pad=1
activation=leaky

[maxpool]
size=2
stride=2

[convolutional]
batch_normalize=1
filters=32
size=3
stride=1
pad=1
activation=leaky

[maxpool]
size=2
stride=2

[convolutional]
batch_normalize=1
filters=64
size=3
stride=1
pad=1
activation=leaky

[maxpool]
size=2
stride=2

[convolutional]
batch_normalize=1
filters=128
size=3
stride=1
pad=1
activation=leaky

###########

[convolutional]
batch_normalize=1
size=3
stride=1
pad=1
filters=128
activation=leaky

[convolutional]
size=1
stride=1
pad=1
filters=42
activation=linear

[region]
anchors = 10.907051282,0.604700854701,  1.43833333334,2.29333333333,  2.875,2.12500000001,  2.875,2.625,  2.875,2.5,  7.96590909091,2.51136363637
# 0.867307692308,2.53269230769,  1.88662790698,2.11046511628,  11.625,2.44444444445,  3.93560606061,2.49873737374,  11.625,2.625,  10.907051282,0.604700854701
#10.875,1.0,  2.73214285714,0.464285714285,  1.375,0.5,  1.375,0.625,  3.75,0.25
# 6.62499999999,1.0,  0.625,13.0,  0.875,0.300154320988,  0.875,0.5,  0.875,0.4,  0.125,0.316176470589,  6.625,0.77
bias_match=1
classes=2
coords=4
num=6
softmax=1
jitter=.2
rescore=1

object_scale=5
noobject_scale=1
class_scale=1
coord_scale=1

absolute=1
thresh = .6
random=1
