[net]
batch=64
subdivisions=8
width=104
height=104
channels=3
momentum=0.9
decay=0.0005
angle=0
saturation = 1.5
exposure = 1.5
hue=.1

learning_rate=0.01
max_batches = 40200
policy=steps
steps=-1,100,20000,30000
scales=.1,10,.1,.1

[convolutional]
batch_normalize=1
filters=16
size=3
stride=1
pad=1
activation=leaky

[maxpool]
size=2
stride=2

[convolutional]
batch_normalize=1
filters=32
size=3
stride=1
pad=1
activation=leaky

[maxpool]
size=2
stride=2

[convolutional]
batch_normalize=1
filters=64
size=3
stride=1
pad=1
activation=leaky

[maxpool]
size=2
stride=2

[convolutional]
batch_normalize=1
filters=128
size=3
stride=1
pad=1
activation=leaky

###########

[convolutional]
batch_normalize=1
size=3
stride=1
pad=1
filters=128
activation=leaky

[convolutional]
size=1
stride=1
pad=1
filters=35
activation=linear

[region]
anchors = 12.875,0.535714285714,  12.85625,1.86875,  12.8711538462,1.00961538462,  12.75,0.75,  12.875,0.75
#10.8583333333,0.234722222223,  11.0210212202,0.941379310345
#12.875,0.441666666667,  12.8596698113,1.10849056604,  12.8674242424,0.820075757576,  12.8509615385,1.99038461539,  12.875,0.625
bias_match=1
classes=2
coords=4
num=5
softmax=1
jitter=.2
rescore=1

object_scale=5
noobject_scale=1
class_scale=1
coord_scale=1

absolute=1
thresh = .6
random=1
